%Latitude Longitude
36.9485 -122.551
37.1236 -122.551
37.2949 -122.551
37.4693 -122.551
37.6432 -122.551
37.8133 -122.551
37.9864 -122.551
37.0886 -122.524
37.26 -122.524
37.4344 -122.524
37.6085 -122.524
37.7786 -122.524
37.9518 -122.524
37.0536 -122.498
37.225 -122.498
37.3996 -122.498
37.5737 -122.498
37.7439 -122.498
37.9172 -122.498
37.0186 -122.472
37.1936 -122.472
37.3647 -122.472
37.5389 -122.472
37.7127 -122.472
37.8826 -122.472
36.9835 -122.445
37.1586 -122.445
37.3298 -122.445
37.5041 -122.445
37.678 -122.445
37.848 -122.445
36.9485 -122.419
37.1236 -122.419
37.2949 -122.419
37.4693 -122.419
37.6432 -122.419
37.8133 -122.419
37.9864 -122.419
37.0886 -122.393
37.26 -122.393
37.4344 -122.393
37.6085 -122.393
37.7786 -122.393
37.9518 -122.393
37.0536 -122.366
37.225 -122.366
37.3996 -122.366
37.5737 -122.366
37.7439 -122.366
37.9172 -122.366
37.0186 -122.336
37.1936 -122.336
37.3647 -122.336
37.5389 -122.336
37.7127 -122.336
37.8826 -122.336
36.9835 -122.309
37.1586 -122.309
37.3298 -122.309
37.5041 -122.309
37.678 -122.309
37.848 -122.309
36.9485 -122.283
37.1236 -122.283
37.2949 -122.283
37.4693 -122.283
37.6432 -122.283
37.8133 -122.283
37.9864 -122.283
37.0886 -122.257
37.26 -122.257
37.4344 -122.257
37.6085 -122.257
37.7786 -122.257
37.9518 -122.257
37.0536 -122.23
37.225 -122.23
37.3996 -122.23
37.5737 -122.23
37.7439 -122.23
37.9172 -122.23
37.0186 -122.204
37.1936 -122.204
37.3647 -122.204
37.5389 -122.204
37.7127 -122.204
37.8826 -122.204
36.9835 -122.178
37.1586 -122.178
37.3298 -122.178
37.5041 -122.178
37.678 -122.178
37.848 -122.178
36.9485 -122.151
37.1236 -122.151
37.2949 -122.151
37.4693 -122.151
37.6432 -122.151
37.8133 -122.151
37.9864 -122.151
37.0886 -122.125
37.26 -122.125
37.4344 -122.125
37.6085 -122.125
37.7786 -122.125
37.9518 -122.125
37.0536 -122.099
37.225 -122.099
37.3996 -122.099
37.5737 -122.099
37.7439 -122.099
37.9172 -122.099
37.0186 -122.072
37.1936 -122.072
37.3647 -122.072
37.5389 -122.072
37.7127 -122.072
37.8826 -122.072
36.9835 -122.046
37.1586 -122.046
37.3298 -122.046
37.5041 -122.046
37.678 -122.046
37.848 -122.046
36.9485 -122.02
37.1236 -122.02
37.2949 -122.02
37.4693 -122.02
37.6432 -122.02
37.8133 -122.02
37.9864 -122.02
37.0886 -121.993
37.26 -121.993
37.4344 -121.993
37.6085 -121.993
37.7786 -121.993
37.9518 -121.993
37.0536 -121.967
37.225 -121.967
37.3996 -121.967
37.5737 -121.967
37.7439 -121.967
37.9172 -121.967
37.0186 -121.936
37.1936 -121.936
37.3647 -121.936
37.5389 -121.936
37.7127 -121.936
37.8826 -121.936
36.9835 -121.91
37.1586 -121.91
37.3298 -121.91
37.5041 -121.91
37.678 -121.91
37.848 -121.91
36.9485 -121.884
37.1236 -121.884
37.2949 -121.884
37.4693 -121.884
37.6432 -121.884
37.8133 -121.884
37.9864 -121.884
37.0886 -121.857
37.26 -121.857
37.4344 -121.857
37.6085 -121.857
37.7786 -121.857
37.9518 -121.857
37.0536 -121.831
37.225 -121.831
37.3996 -121.831
37.5737 -121.831
37.7439 -121.831
37.9172 -121.831
37.0186 -121.805
37.1936 -121.805
37.3647 -121.805
37.5389 -121.805
37.7127 -121.805
37.8826 -121.805
36.9835 -121.778
37.1586 -121.778
37.3298 -121.778
37.5041 -121.778
37.678 -121.778
37.848 -121.778
36.9485 -121.752
37.1236 -121.752
37.2949 -121.752
37.4693 -121.752
37.6432 -121.752
37.8133 -121.752
37.9864 -121.752