%SA(0.01) SA(0.02) SA(0.05) SA(0.1) SA(0.2) SA(0.5) SA(1) SA(2) SA(3) SA(4) SA(5) SA(7.5) SA(10)
0.039087798 0.03952375 0.045058817 0.065332832 0.121125879 0.133619284 0.067681816 0.029536303 0.016418044 0.010755692 0.007239937 0.004862817 0.00357766
0.056449996 0.057089377 0.064948252 0.094787383 0.17496665 0.184902528 0.103622607 0.051452862 0.031214725 0.021865302 0.016295593 0.010325676 0.006812705
0.067378222 0.068170389 0.077396884 0.113536453 0.206121634 0.206273069 0.111767079 0.052534128 0.030892149 0.020921203 0.015023744 0.009467995 0.006359264
0.091319198 0.092322283 0.103141045 0.150456305 0.274625951 0.270550756 0.152217851 0.075996654 0.045560926 0.031729557 0.023478447 0.014258846 0.009075923
0.111615793 0.112555733 0.123027768 0.179051061 0.323395277 0.316113972 0.169393455 0.078670355 0.0445172 0.029748393 0.020776442 0.012577412 0.008285682
0.145013205 0.145718835 0.154562044 0.220676678 0.39464733 0.398572653 0.214464736 0.098475263 0.056039228 0.037396785 0.025630447 0.015076767 0.009756492
0.188759016 0.193041285 0.236277863 0.365696068 0.432368519 0.182784464 0.084667068 0.036857243 0.021716285 0.015816546 0.012064498 0.007759304 0.005128561
0.05406057 0.054666075 0.062237569 0.091335426 0.167360517 0.178036881 0.100621022 0.050039921 0.030103999 0.02109205 0.015698196 0.009969702 0.006589459
0.066670178 0.067406496 0.076138527 0.112287628 0.204473858 0.203356065 0.10896019 0.051905679 0.029819527 0.020403973 0.014583832 0.009235691 0.006242909
0.089521169 0.090516108 0.101156955 0.149239663 0.271417036 0.266027638 0.149047883 0.074127972 0.044642807 0.031466933 0.023592764 0.014344175 0.009134059
0.104257049 0.105187779 0.115219539 0.169192551 0.305575763 0.291219963 0.151049798 0.066920322 0.036653957 0.023740096 0.016113037 0.00989439 0.006726726
0.134602945 0.136766971 0.160259914 0.241479668 0.367819869 0.247788455 0.120154651 0.052612674 0.030528543 0.021143545 0.015886117 0.009936748 0.006596843
0.166320482 0.17025276 0.20904892 0.321786519 0.395232263 0.215291395 0.110630404 0.049633284 0.029801552 0.020932795 0.015766397 0.009326855 0.006048359
0.05212458 0.052732833 0.060061197 0.088392414 0.162104084 0.171720423 0.097336459 0.048110065 0.02930311 0.020626667 0.015391291 0.009801179 0.006488126
0.066704118 0.067448664 0.076347742 0.112497205 0.204446609 0.209267026 0.117372086 0.058786583 0.035572224 0.024903668 0.018436987 0.011515495 0.007516981
0.089324168 0.090275295 0.10085372 0.147826037 0.270212204 0.267339608 0.148357635 0.073410176 0.044315712 0.031039499 0.023224909 0.014148106 0.009029075
0.086145382 0.087671929 0.104672903 0.158685643 0.224970243 0.148660364 0.075864325 0.034323309 0.020160562 0.013880351 0.010478527 0.006705965 0.004562327
0.134147183 0.136038941 0.156417287 0.233250574 0.371041488 0.27057999 0.130515429 0.055200353 0.031184696 0.021381758 0.015927621 0.010020678 0.006738688
0.172687385 0.176692423 0.216679255 0.334859164 0.403854056 0.193470693 0.093480607 0.041243753 0.024538183 0.017589592 0.013344941 0.008252556 0.005420568
0.051053726 0.051622013 0.058823521 0.085784389 0.158514433 0.170574604 0.096300882 0.047985032 0.028725124 0.020371177 0.015059341 0.009610538 0.006375116
0.065236761 0.065964808 0.074811565 0.110861271 0.201029711 0.205319602 0.114663068 0.057234912 0.034771987 0.024459622 0.018308605 0.011450329 0.007474945
0.083108853 0.084007509 0.094183993 0.137813229 0.251942021 0.251134333 0.136494873 0.065908436 0.03858136 0.026699054 0.019485419 0.012008411 0.007840622
0.066806434 0.068184097 0.083336979 0.124903473 0.157818049 0.108598404 0.058191334 0.026984495 0.015950049 0.010901475 0.008148365 0.005083218 0.003505159
0.128864193 0.130946382 0.153726068 0.231975167 0.350010424 0.19206828 0.081660627 0.032551022 0.018354223 0.012758797 0.009712394 0.006683045 0.00472048
0.194817676 0.19780907 0.228355702 0.341294688 0.522967421 0.279520727 0.120684693 0.0480283 0.0275421 0.019265553 0.014698547 0.009652373 0.006532199
0.048990118 0.049540684 0.056509064 0.082261664 0.150630132 0.16541846 0.092715386 0.045839766 0.028046584 0.019817248 0.01483112 0.009485465 0.006301174
0.063039339 0.063750952 0.072503941 0.105862132 0.194327333 0.19815693 0.110544899 0.055155626 0.033504569 0.023566754 0.017538742 0.010997824 0.007192275
0.081851962 0.082756423 0.092891284 0.136656625 0.247681616 0.248386384 0.139152445 0.068228092 0.041143247 0.028753273 0.021269009 0.013048733 0.008390403
0.065042999 0.066398396 0.081355616 0.121094367 0.152214948 0.105975395 0.05799489 0.027280717 0.016079898 0.01090732 0.008169325 0.00509845 0.003522896
0.124542659 0.12661601 0.1490549 0.223530317 0.339242759 0.197458344 0.086209922 0.034851527 0.020233767 0.014021363 0.01058002 0.007104594 0.004940953
0.171028219 0.171096317 0.17474519 0.241579126 0.429602741 0.459871929 0.234503746 0.100916193 0.052762831 0.033139258 0.021051861 0.012307763 0.008339113
0.033090414 0.033468566 0.038097795 0.055191916 0.102085583 0.106177832 0.045445332 0.015808235 0.007094459 0.004002129 0.002239207 0.001608805 0.001402578
0.061321599 0.062013198 0.070433544 0.102952242 0.188103745 0.195823748 0.108861229 0.054057925 0.033086237 0.023144534 0.017224126 0.010827213 0.007095465
0.078023963 0.078869995 0.088482869 0.129306824 0.236838328 0.237740556 0.130958612 0.063762386 0.03792861 0.026440392 0.019414962 0.011998194 0.007828046
0.078164528 0.079503955 0.094975763 0.144701408 0.204425091 0.147714492 0.079022425 0.03678761 0.021882354 0.015173325 0.011288185 0.007022815 0.004720094
0.121469066 0.123482121 0.145290645 0.219478998 0.331035885 0.216165375 0.103338315 0.045324202 0.026695838 0.018644548 0.014037211 0.008854331 0.005911933
0.185154112 0.187663658 0.214465224 0.320763839 0.498507395 0.309057855 0.137215225 0.056661493 0.032584128 0.02279519 0.017283027 0.010929261 0.007282113
0.268131058 0.265315594 0.251571902 0.333778569 0.557696987 0.744779681 0.441465019 0.216781994 0.123241487 0.081048735 0.053569628 0.028518561 0.017407933
0.059078473 0.059754777 0.067862409 0.099767816 0.184033297 0.19055327 0.106501397 0.052865266 0.031958546 0.022470534 0.016708236 0.01053576 0.006923364
0.053862752 0.054783657 0.065946115 0.096945584 0.137064183 0.111067418 0.060163368 0.028787126 0.017301343 0.012008597 0.008955537 0.005675611 0.003889208
0.076049848 0.077392319 0.092709948 0.140270883 0.1973302 0.144072657 0.07744694 0.036587298 0.021499955 0.014808575 0.01105118 0.006891019 0.004642435
0.116700541 0.118682853 0.139836932 0.211503098 0.317416187 0.189604908 0.086045208 0.035801973 0.020802615 0.014371236 0.010927549 0.007254205 0.00501422
0.178779891 0.180013463 0.19161598 0.272027162 0.468142531 0.425042425 0.209617772 0.088467902 0.048672475 0.032254516 0.022724893 0.013581427 0.009003705
0.26255488 0.259761952 0.246787112 0.327793307 0.54634175 0.733634794 0.441704535 0.220507635 0.125610494 0.08322753 0.054970233 0.029181968 0.017696038
0.05690267 0.057577407 0.065682145 0.095932115 0.175650063 0.183183477 0.103021984 0.051291558 0.031194223 0.02192342 0.016354663 0.010349968 0.006813724
0.052380908 0.053262905 0.064081111 0.094913292 0.13321552 0.108400695 0.059407938 0.028307508 0.01694883 0.011783389 0.008790643 0.005589418 0.003840729
0.073017276 0.074292784 0.089144079 0.13413046 0.187783403 0.140074614 0.073779466 0.034771731 0.020733099 0.014259649 0.010615647 0.006641632 0.00448972
0.111402612 0.11320427 0.133153116 0.201433905 0.303393026 0.154583518 0.060863564 0.022843184 0.012868902 0.008830954 0.00683442 0.005004145 0.003692581
0.17305449 0.173256882 0.178096836 0.246851891 0.438287835 0.472005609 0.253093742 0.114453139 0.063413674 0.041522021 0.027823217 0.016043407 0.010417784
0.2622555 0.261388937 0.258845916 0.354158735 0.60429632 0.621036815 0.295082997 0.117194788 0.061064215 0.039684031 0.026994385 0.015743806 0.010574435
0.054430163 0.05504888 0.062711712 0.092743596 0.168585666 0.177081789 0.099560139 0.049688578 0.03014843 0.021298897 0.015900443 0.010093722 0.00666258
0.050707868 0.051573338 0.061891193 0.090918485 0.12835515 0.104683178 0.057590105 0.027835184 0.016608709 0.01146731 0.008561754 0.005464848 0.003764225
0.069580472 0.070784824 0.084596166 0.127053289 0.180208244 0.133352966 0.071028354 0.03325588 0.019815925 0.013727409 0.010235547 0.006431598 0.004358916
0.089253559 0.091250894 0.112213178 0.170457509 0.202418511 0.107062307 0.051965879 0.023393336 0.013913824 0.009812206 0.007524569 0.004948771 0.003426603
0.169947286 0.17012977 0.174877216 0.243400269 0.43422611 0.459571708 0.244500858 0.110943861 0.061419471 0.040151596 0.026878012 0.015487482 0.010056549
0.238805868 0.236655337 0.227103324 0.30398832 0.513694881 0.651829277 0.363160424 0.165054457 0.090306512 0.057324286 0.03645244 0.019884504 0.012732812
0.037023417 0.03742228 0.042423917 0.062228631 0.11442094 0.114370719 0.048104795 0.01681539 0.007560831 0.00425192 0.002396557 0.00170888 0.001480546
0.052858743 0.053710744 0.063991025 0.093954697 0.139916288 0.11886783 0.063830937 0.030644261 0.018162339 0.012710441 0.009518878 0.006096215 0.004167378
0.067159263 0.068329601 0.081997927 0.122669173 0.173636239 0.129379052 0.069327273 0.032232908 0.019209162 0.013389558 0.010031995 0.006327941 0.004303169
0.07868295 0.080399449 0.099126813 0.149831811 0.186034455 0.120541484 0.064519187 0.030433084 0.017973198 0.012343975 0.009233034 0.005677401 0.003875976
0.171429698 0.171727268 0.17740473 0.247001549 0.438867144 0.46459026 0.25384498 0.118543715 0.067911958 0.045536732 0.031329421 0.017899996 0.011329351
0.24963113 0.247503382 0.237994431 0.318125599 0.539376222 0.690084235 0.403143704 0.195303514 0.11164343 0.074078296 0.049565307 0.026540946 0.016210358
0.035419842 0.035825862 0.04069887 0.059116871 0.109178222 0.111750264 0.04708789 0.016314995 0.007351213 0.004126651 0.002307453 0.001649923 0.001432886
0.049877727 0.050625523 0.060118231 0.088392579 0.131760139 0.113443808 0.061016644 0.029238563 0.017440668 0.012174234 0.009084191 0.005851731 0.00401666
0.063024778 0.064090538 0.076706902 0.114629886 0.161873102 0.122155162 0.06581843 0.030773449 0.018183034 0.012701125 0.00954681 0.00604733 0.004125952
0.088290382 0.089972579 0.108750151 0.165083259 0.218516267 0.120647826 0.058386385 0.025748398 0.015227364 0.010665762 0.008085216 0.005340531 0.003698203
0.166753842 0.167041143 0.173207172 0.244180463 0.431818128 0.456824579 0.253340537 0.120505179 0.070493176 0.047823979 0.0333735 0.019027402 0.01191147
0.304678101 0.306082769 0.321602554 0.457515739 0.755098223 0.651200412 0.313240465 0.131104472 0.075937559 0.053207295 0.039140305 0.021993472 0.013483535
0.35228273 0.354620548 0.375748151 0.543194813 0.899034923 0.781816119 0.403198029 0.183087687 0.111704913 0.079906132 0.059004679 0.030886815 0.017762863
0.047999872 0.048776848 0.057993991 0.085079686 0.126110487 0.110322129 0.059932312 0.028599391 0.017071237 0.01188791 0.008852397 0.005704175 0.003919863
0.061529569 0.062618913 0.075244379 0.111879428 0.157015201 0.103384144 0.05076313 0.022361756 0.013058445 0.009099189 0.006879298 0.004683133 0.003323014
0.088824 0.090406055 0.108482322 0.163278836 0.231187759 0.151509123 0.076225431 0.034492923 0.020338629 0.014187595 0.010651433 0.006757233 0.004575274
0.156983242 0.157475941 0.164470824 0.228957021 0.40906896 0.428629952 0.23667235 0.111968097 0.065042096 0.043704926 0.030478771 0.017505226 0.011062287
0.284102301 0.284126413 0.289100405 0.401690855 0.68155438 0.681582535 0.353123975 0.158958764 0.093253015 0.064341908 0.047556274 0.026138185 0.01579451
0.343262797 0.34729825 0.385889803 0.575262731 0.914168656 0.624916897 0.326454613 0.151630654 0.091204617 0.064594209 0.04779416 0.024935635 0.014542068
0.043813836 0.044519108 0.052987531 0.076835575 0.11510935 0.068913533 0.028363572 0.010781173 0.006079508 0.004197649 0.003237922 0.002568759 0.002024435
0.059001439 0.060053954 0.07207251 0.106488608 0.149591492 0.100556014 0.048863139 0.021672031 0.012780888 0.008959479 0.00676202 0.004601683 0.003269979
0.073101173 0.074637197 0.091714469 0.137636027 0.163616384 0.090179293 0.044002335 0.019802283 0.011663109 0.008291174 0.006273106 0.004203784 0.002957403
0.148938402 0.14943211 0.15586183 0.219466242 0.392258327 0.410262176 0.220929616 0.102208799 0.058499642 0.039620026 0.027355149 0.015871128 0.010189523
0.26004948 0.259636072 0.260850598 0.359095441 0.616417993 0.66100824 0.365598622 0.172582355 0.102199713 0.07118502 0.051484879 0.027816292 0.016543227
0.336790995 0.34143354 0.383726561 0.57839375 0.907627509 0.578024064 0.303130513 0.14079221 0.084708991 0.060400213 0.044311599 0.02304077 0.013492743
0.041660046 0.042290432 0.049925153 0.072846198 0.111574847 0.072634262 0.028944643 0.010875522 0.005878983 0.004012119 0.003078011 0.002439094 0.001962215
0.05964739 0.060666174 0.072087619 0.106632059 0.159069818 0.112107849 0.053517818 0.023235247 0.013611914 0.00940747 0.007144749 0.004910998 0.003511064
0.073555305 0.075074024 0.091695255 0.138167992 0.160310644 0.078242675 0.036248689 0.015896418 0.00946902 0.00685971 0.005270484 0.003705261 0.002645651
0.141261142 0.142442333 0.155805337 0.225759639 0.388996375 0.344754741 0.175266984 0.078479571 0.045233339 0.030873375 0.022225975 0.01328111 0.008648504
0.257450626 0.257568111 0.263260285 0.365106523 0.627567933 0.64891321 0.365719761 0.178622374 0.10922807 0.077626342 0.057291789 0.030524553 0.0176835
0.352738675 0.35562452 0.383244921 0.551972867 0.912659814 0.729309885 0.372917463 0.171995437 0.104259429 0.074476503 0.055351535 0.028801554 0.016598731
0.038656144 0.039157906 0.045115388 0.0660499 0.115549695 0.098921069 0.040704574 0.014193127 0.0068103 0.004182529 0.002797356 0.002100951 0.001793767
0.052398305 0.053318346 0.0639166 0.094852514 0.13386822 0.091068211 0.044901256 0.019980929 0.011769034 0.008217007 0.006211412 0.004268626 0.003056053
0.064532339 0.065914247 0.080908293 0.120081389 0.142276666 0.080818 0.040565759 0.018247421 0.010752721 0.007631023 0.005860832 0.003972002 0.002819622
0.130191051 0.130866293 0.13871455 0.197920769 0.354348565 0.357252063 0.187226348 0.086232658 0.04849323 0.031905789 0.021797649 0.012885431 0.008470224
0.229802826 0.228598741 0.227002124 0.310288137 0.532906155 0.640119455 0.391046536 0.210757075 0.133166239 0.09559092 0.070478771 0.037208422 0.021200525
0.342773388 0.346788159 0.38696339 0.583288877 0.916491683 0.584849418 0.307853259 0.144174629 0.086557809 0.061209515 0.045253865 0.023441143 0.013696529
0.036415556 0.036837602 0.04180472 0.060902141 0.112524968 0.113704561 0.04742055 0.016707652 0.007562191 0.004269401 0.002385162 0.001701267 0.001474965
0.038374231 0.039103147 0.047520613 0.068614813 0.086920091 0.069261921 0.03829654 0.01822843 0.010829428 0.007348988 0.005488832 0.003573911 0.002558382
0.076396882 0.077700496 0.09201746 0.138711902 0.204425363 0.15848831 0.082560551 0.038556926 0.022828079 0.016015825 0.011931234 0.007464875 0.005003894
0.124652917 0.126379488 0.14468453 0.213451795 0.340455919 0.270986635 0.139020321 0.062861016 0.037241546 0.025909599 0.019318336 0.01165658 0.007548342
0.225170849 0.22538548 0.230903643 0.321835045 0.551232675 0.586407733 0.336041561 0.167366519 0.104661174 0.075104643 0.055973127 0.030018405 0.017441577
0.338274579 0.342580854 0.381855797 0.573460992 0.895373601 0.548702683 0.2779823 0.125128938 0.075633277 0.054071274 0.039882777 0.021218253 0.01255121
0.185135109 0.188428273 0.222581716 0.339519932 0.491566284 0.321436685 0.170693625 0.080070386 0.047756702 0.033260391 0.024725039 0.013899014 0.008643709
0.042831291 0.043626368 0.052847283 0.075936559 0.090938625 0.05114831 0.02409128 0.010634724 0.006321142 0.004585674 0.003558008 0.002634761 0.001953129
0.063475092 0.064640808 0.077439 0.115858792 0.159740585 0.118957107 0.064904952 0.030999825 0.018214549 0.012554719 0.009297639 0.00582929 0.003973181
0.121141106 0.122354197 0.136259905 0.199225716 0.338653877 0.304159718 0.160835968 0.074518682 0.043821921 0.030133985 0.0221467 0.013247577 0.008528384
0.188746956 0.188054019 0.187824811 0.258074561 0.449853942 0.528975934 0.315455836 0.161178423 0.096616239 0.066949554 0.047815383 0.026046907 0.015615131
0.312632916 0.316479596 0.354127168 0.532228779 0.827277161 0.508456467 0.255342382 0.116522416 0.070881207 0.050410357 0.037518043 0.020035004 0.011902821
0.191344952 0.194476971 0.227983719 0.34472645 0.504556767 0.341138005 0.17862146 0.082866767 0.049027723 0.034278295 0.025304064 0.014205506 0.008792642
0.040060706 0.040754103 0.04894547 0.070985991 0.084544223 0.048339332 0.022912623 0.010273535 0.006063727 0.004380671 0.003383104 0.002513494 0.001868932
0.063422234 0.064524761 0.077094015 0.115074927 0.16166753 0.122194262 0.065947824 0.030426369 0.018139162 0.012565627 0.009377145 0.005931006 0.00404572
0.111667849 0.113191866 0.12908794 0.192742092 0.310748114 0.253591153 0.132451725 0.06185816 0.036727425 0.025572393 0.01896995 0.011418631 0.007356105
0.142958978 0.142627103 0.144374129 0.199822697 0.349799773 0.384798243 0.190380025 0.077424765 0.039421502 0.023864593 0.014093185 0.008291524 0.005891744
0.29411332 0.297760453 0.333023255 0.501131206 0.788301908 0.482368149 0.2466265 0.112921557 0.06760592 0.048309987 0.035740355 0.019155589 0.011428547
0.189120408 0.192309049 0.226071305 0.341617269 0.501433894 0.337958806 0.178270851 0.081317344 0.049122079 0.034088891 0.02506972 0.014046611 0.008685485
0.037333406 0.038004919 0.045577073 0.065287985 0.07866409 0.04560746 0.021978199 0.009791771 0.00584938 0.004249813 0.003278941 0.00244748 0.001826499
0.064139409 0.065133048 0.077265384 0.115390088 0.171467264 0.11983543 0.056742684 0.02439535 0.014214174 0.009896656 0.007456897 0.005078618 0.003607081
0.105258559 0.106675513 0.122187854 0.18186115 0.294181383 0.245177275 0.129460104 0.060198506 0.036431508 0.025733946 0.019045305 0.011417267 0.007312382
0.16152981 0.162986211 0.178951745 0.260427698 0.424334354 0.315720763 0.142257128 0.055336976 0.030366736 0.020758495 0.015467476 0.009758533 0.006691432
0.277701892 0.281189048 0.316055763 0.470372135 0.72525914 0.453193141 0.228677657 0.103715443 0.063399133 0.04568435 0.033810333 0.018252005 0.010955297
0.18891748 0.191972311 0.224591994 0.343140452 0.505835581 0.337182932 0.175782029 0.080206652 0.048029462 0.033970092 0.02518993 0.014145793 0.008763965
0.039552074 0.040155764 0.047743786 0.070002043 0.104226897 0.063644688 0.026071773 0.010073496 0.005701485 0.003970637 0.003079858 0.002458553 0.001947471
0.057615115 0.058550886 0.069536799 0.103145116 0.153685795 0.08575413 0.034948264 0.013234702 0.007456065 0.005142184 0.003962536 0.003075609 0.002381832
0.088653825 0.090147788 0.106555809 0.159426204 0.237085005 0.178804596 0.093773483 0.043481691 0.025781166 0.01810273 0.013532393 0.008308049 0.005486644
0.146626226 0.146657666 0.15078549 0.209727806 0.367405524 0.405997668 0.22665764 0.106210367 0.060492933 0.040591192 0.027627078 0.015775272 0.010108128
0.258792796 0.262178421 0.293927431 0.441180418 0.680329887 0.422070383 0.216957485 0.098559063 0.059580351 0.042460683 0.031758367 0.017188234 0.010347586
0.18659619 0.189756237 0.221642424 0.333909958 0.494484474 0.32551401 0.171582671 0.079403186 0.047523185 0.033403526 0.024882065 0.013983933 0.0086735
0.036405385 0.036800482 0.041797392 0.061296858 0.112272928 0.113671052 0.047875205 0.016730202 0.007652229 0.004320057 0.002431947 0.001733063 0.001501429
0.053413374 0.054278315 0.064667078 0.095028155 0.133186901 0.071504277 0.029659201 0.011941875 0.006902823 0.004884148 0.00381916 0.002956598 0.002257036
0.081356549 0.082708216 0.097668276 0.146275905 0.219380779 0.167915532 0.08868695 0.040850746 0.024173507 0.016919909 0.012598236 0.007797133 0.005181044
0.14355022 0.143660914 0.148168114 0.206325605 0.365419365 0.406283168 0.233838476 0.115896568 0.068275769 0.047098696 0.033171736 0.018810669 0.011688917
0.240697393 0.243978216 0.274146619 0.411106975 0.626901926 0.395242449 0.202957049 0.09215245 0.056345406 0.04019097 0.029857536 0.016215655 0.009784236
0.180476422 0.183396037 0.214377157 0.326754893 0.478648887 0.320657496 0.169638013 0.078640546 0.046999403 0.032922737 0.024414187 0.013721882 0.008521715
0.141096377 0.14343605 0.168048552 0.255408346 0.380612398 0.271239487 0.137697399 0.062132155 0.036816063 0.02559356 0.019080624 0.011365177 0.007291986
0.05049873 0.051301903 0.060613936 0.089782682 0.133306044 0.077400976 0.031253393 0.012032827 0.006769421 0.00472445 0.003678175 0.002887092 0.002257763
0.076592458 0.077787323 0.091326084 0.136646414 0.208900463 0.144562569 0.067160925 0.028061016 0.016205123 0.011248161 0.00846296 0.005688913 0.004020053
0.137150421 0.137428298 0.142850093 0.20101424 0.357074392 0.392759083 0.228349394 0.114433793 0.068162596 0.047279346 0.033815304 0.019226334 0.011825142
0.228708057 0.231650184 0.2608647 0.388905795 0.594440034 0.377820361 0.194301143 0.088313503 0.053092912 0.038045713 0.028362187 0.015431571 0.009330547
0.172661816 0.175612688 0.205526412 0.310766504 0.456769669 0.309544201 0.161594875 0.074345656 0.045162289 0.032028081 0.023818342 0.013447766 0.008382229
0.14103524 0.143428906 0.168306791 0.254709425 0.383308853 0.265024176 0.131729241 0.058248334 0.03439557 0.023976291 0.017828424 0.010739166 0.006943009
0.045742482 0.0464991 0.055540953 0.081020582 0.114159974 0.062643315 0.026507871 0.010581058 0.006126931 0.004338898 0.003383156 0.002649333 0.002041594
0.068420187 0.069577641 0.082442782 0.12364227 0.182760429 0.09886744 0.039251364 0.014864035 0.008343676 0.005786496 0.004473552 0.003413495 0.002607731
0.132552767 0.133487955 0.144792642 0.210249751 0.356079663 0.344665899 0.191973171 0.091808603 0.056070643 0.039286256 0.028958126 0.016677083 0.010264269
0.221592845 0.222063616 0.230640785 0.327334976 0.545081931 0.524378885 0.273035596 0.122854361 0.073526544 0.052008688 0.038187434 0.020701208 0.012329536
0.164868226 0.167544201 0.196352515 0.297878231 0.44016951 0.301071591 0.160253933 0.074952108 0.044969733 0.031482984 0.023282787 0.013165803 0.008226012
0.11710247 0.119812271 0.146971633 0.224477889 0.270267344 0.132954193 0.063198393 0.027594 0.01639173 0.011653509 0.008937446 0.005827341 0.003969583
0.04299776 0.043687198 0.05221243 0.075864607 0.106732005 0.059091913 0.025122589 0.010178336 0.005855492 0.004162039 0.003235134 0.002547256 0.001971152
0.054600023 0.055658644 0.06758683 0.099227021 0.117232337 0.061585979 0.029073592 0.012846537 0.00761742 0.005481448 0.00421546 0.003029782 0.00220399
0.122052575 0.12306129 0.134653014 0.194135613 0.332185446 0.319237621 0.176918099 0.083790235 0.050820509 0.0357369 0.026480407 0.015415996 0.009578351
0.212561778 0.21403235 0.227904097 0.328569731 0.538289935 0.459373586 0.228270667 0.101108604 0.060319461 0.0432709 0.032157624 0.017616327 0.010591635
0.176396403 0.178177095 0.197960182 0.289578408 0.472862366 0.40119027 0.215437783 0.100967839 0.061088482 0.04338065 0.032183345 0.018218409 0.011138416
0.11164912 0.114170546 0.140108503 0.214427856 0.259721562 0.13455517 0.06621981 0.029451014 0.017298627 0.012231333 0.00930145 0.005958335 0.004046172
0.041102257 0.04173962 0.04922498 0.071457856 0.107082451 0.06638055 0.027160604 0.01028521 0.005864353 0.004071392 0.003150721 0.002513701 0.001989856
0.051038218 0.052007248 0.063224217 0.092997105 0.110473274 0.058784923 0.027473863 0.012172906 0.007212338 0.005221298 0.004044742 0.002942331 0.002153224
0.103643172 0.104979573 0.119263834 0.175069726 0.282877848 0.24080123 0.129440505 0.060597981 0.03618272 0.025170703 0.01851317 0.011066922 0.007083534
0.189210821 0.191387076 0.213241249 0.314669139 0.491309952 0.336814118 0.168832655 0.075350943 0.045457113 0.032373633 0.024233325 0.013500983 0.008281465
0.170096246 0.171090879 0.182934835 0.261187664 0.4487489 0.438316339 0.242774893 0.117952595 0.072171601 0.051578799 0.038460682 0.021585419 0.013007317
0.122190695 0.124352788 0.148406422 0.22601718 0.325987401 0.222832927 0.118553555 0.055577955 0.032952472 0.022872148 0.016957297 0.009960027 0.006410385
0.037753383 0.038278266 0.044169425 0.064606347 0.108897452 0.090466182 0.036978058 0.013037337 0.006372228 0.004105636 0.003004987 0.002322647 0.001974263
0.051794668 0.052680437 0.062911567 0.092605605 0.128264025 0.06882528 0.029053044 0.011610967 0.006693146 0.004755574 0.003718367 0.002876705 0.002195369
0.0911174 0.092369105 0.105960473 0.1567639 0.251083199 0.21891464 0.117116705 0.055012268 0.032559137 0.022691826 0.01691377 0.010223888 0.006602612
0.164681705 0.16679077 0.188805171 0.279767817 0.427249723 0.283752483 0.143919765 0.064190612 0.038364138 0.027353609 0.020389236 0.011533462 0.007184492
0.146551897 0.148802531 0.172477198 0.259910633 0.390009998 0.274813413 0.144485167 0.067659475 0.040524671 0.028791261 0.021181325 0.012099207 0.007604986
0.121170567 0.123334723 0.147235176 0.223377743 0.316135631 0.22007846 0.11776916 0.054994176 0.032593123 0.022622023 0.016832383 0.009927442 0.006409959
0.09181046 0.093522129 0.112869874 0.170552219 0.239918517 0.169647662 0.091050977 0.043069117 0.025394374 0.017638699 0.013122072 0.007906456 0.005224487
0.047587062 0.0483874 0.05751937 0.084138525 0.118567888 0.065568702 0.02722266 0.011040172 0.006425188 0.004515124 0.003503594 0.002728257 0.002093445
0.071271096 0.072251103 0.083470783 0.123711459 0.199138374 0.1316052 0.052580032 0.01853074 0.009525751 0.006294739 0.004713915 0.003496357 0.002777752
0.141699002 0.143762749 0.165308096 0.248118661 0.367675393 0.236537604 0.12058232 0.053992567 0.032338478 0.022991875 0.017072298 0.009787746 0.006191348
0.141878724 0.144098463 0.166587051 0.250199702 0.376742686 0.266244188 0.140705739 0.065775612 0.039534719 0.027650948 0.020444985 0.011688036 0.00734994
0.115301696 0.117343747 0.139350029 0.213220921 0.303113391 0.210879707 0.113334182 0.053722706 0.0316524 0.021993989 0.016335261 0.009652114 0.006246027
0.095416315 0.097196239 0.117066379 0.177397752 0.252740312 0.179661232 0.09606361 0.045320577 0.026747793 0.018556172 0.013681868 0.008269723 0.005441467
0.045961806 0.046653579 0.054961098 0.080356065 0.121558127 0.071978436 0.029486035 0.011341983 0.00644084 0.004443215 0.003432076 0.002712776 0.002133051
0.057767888 0.058940407 0.072176592 0.106147067 0.124361814 0.06401944 0.0298479 0.013314666 0.007817875 0.005656211 0.004401537 0.003145282 0.002276492
0.114032027 0.115896707 0.135729773 0.204215839 0.294707374 0.191309197 0.098323208 0.044565953 0.026543846 0.018572739 0.014020323 0.008294803 0.005375188
0.135238692 0.137383274 0.160461115 0.242594943 0.354579809 0.244617402 0.129352991 0.060341275 0.036547575 0.025751678 0.019110917 0.010932235 0.006902003
0.112394609 0.114329513 0.13657768 0.208107745 0.296244987 0.205984954 0.110588596 0.050869282 0.030461976 0.021296587 0.015890684 0.009417015 0.006106556
0.091647586 0.09328901 0.11248786 0.171721136 0.235839073 0.158804684 0.082798979 0.037693679 0.022249122 0.015465045 0.011603922 0.007212623 0.004834543
0.041114222 0.041763371 0.049721074 0.072086427 0.1018067 0.057183873 0.024240903 0.00977402 0.005646525 0.004008729 0.003119495 0.002461454 0.001907362
0.059754007 0.060709584 0.072086511 0.106743717 0.158081993 0.087692964 0.035320471 0.013450242 0.007578252 0.005264836 0.00405218 0.003121094 0.002402204
0.094555113 0.096186749 0.113885858 0.170996201 0.242398053 0.163662446 0.084686025 0.03842896 0.022928871 0.016076393 0.011955479 0.007245746 0.004784497
0.104831748 0.107241364 0.130934539 0.197555137 0.248457957 0.157483769 0.082950349 0.038407107 0.022859104 0.015717156 0.0118092 0.006939106 0.004579188
0.115886476 0.117809466 0.137767029 0.209310575 0.312547953 0.233381866 0.122567374 0.057445488 0.034522424 0.024147086 0.017836551 0.010591323 0.006812851
0.090368609 0.092034942 0.11083832 0.168170446 0.232931034 0.155451781 0.081648922 0.037849933 0.022300272 0.015454299 0.011592076 0.007196024 0.004824893
0.03833394 0.038913597 0.045886222 0.066714164 0.10234264 0.067993471 0.027471276 0.010440004 0.005689643 0.00389504 0.002992784 0.00237971 0.001921642
0.047281103 0.048191599 0.058655303 0.085656131 0.100287303 0.054478562 0.026122167 0.011548405 0.00687121 0.005021559 0.003869653 0.002813375 0.002065568
0.085981962 0.087342789 0.102050739 0.151641337 0.228799209 0.122136911 0.048590694 0.018241561 0.010160155 0.007093706 0.00544211 0.004038865 0.003020343
0.107157336 0.109572579 0.134233858 0.204360335 0.244415092 0.12393818 0.060399224 0.026992189 0.016018114 0.01133406 0.008601363 0.005460605 0.003687391
0.122264028 0.123869181 0.141686919 0.210212163 0.33896311 0.277421323 0.148098984 0.068988954 0.041500542 0.029217431 0.021765115 0.012873442 0.008157235
0.098025308 0.099696739 0.118270111 0.178143869 0.265394402 0.188692878 0.095742574 0.043832989 0.025875925 0.017907014 0.013386161 0.008372841 0.005585167
0.035737619 0.036251447 0.04269675 0.062323969 0.095748189 0.063955224 0.026429847 0.010049234 0.005498423 0.003750491 0.002876723 0.002298573 0.001863836
0.048204108 0.049039202 0.058926209 0.086286728 0.111704467 0.058260621 0.025753971 0.010836913 0.006381033 0.004638401 0.003609708 0.002746199 0.002065008
0.074047395 0.075223898 0.08863433 0.130674436 0.199346539 0.115758973 0.045870742 0.016869966 0.009265325 0.006255757 0.00479648 0.003590149 0.002764514
0.097888359 0.100004778 0.12155607 0.184586612 0.223286744 0.115876304 0.056021954 0.02503619 0.014834736 0.01059481 0.008069421 0.005177132 0.003526703
0.103073593 0.104900802 0.12479217 0.188633955 0.271923908 0.195558118 0.103077015 0.048017492 0.028784998 0.020250866 0.015085601 0.009014335 0.005870165
0.085577991 0.087196781 0.105423892 0.159356964 0.219709401 0.149666062 0.078029613 0.036420409 0.021570229 0.015008053 0.011273272 0.00702497 0.004725438
0.083918602 0.085351599 0.101651902 0.152233588 0.23166434 0.182673292 0.095508091 0.044994093 0.026747208 0.018570069 0.013916285 0.00861056 0.005688147
