% sa_1 sa_2 sa_3 sa_4 sa_5 sa_6 sa_7 sa_8 sa_9 sa_10 sa_11 sa_12 sa_13
3.9088e-02 3.9524e-02 4.5059e-02 6.5333e-02 1.2113e-01 1.3362e-01 6.7682e-02 2.9536e-02 1.6418e-02 1.0756e-02 7.2399e-03 4.8628e-03 3.5777e-03
5.6450e-02 5.7089e-02 6.4948e-02 9.4787e-02 1.7497e-01 1.8490e-01 1.0362e-01 5.1453e-02 3.1215e-02 2.1865e-02 1.6296e-02 1.0326e-02 6.8127e-03
6.7378e-02 6.8170e-02 7.7397e-02 1.1354e-01 2.0612e-01 2.0627e-01 1.1177e-01 5.2534e-02 3.0892e-02 2.0921e-02 1.5024e-02 9.4680e-03 6.3593e-03
9.1319e-02 9.2322e-02 1.0314e-01 1.5046e-01 2.7463e-01 2.7055e-01 1.5222e-01 7.5997e-02 4.5561e-02 3.1730e-02 2.3478e-02 1.4259e-02 9.0759e-03
1.1162e-01 1.1256e-01 1.2303e-01 1.7905e-01 3.2340e-01 3.1611e-01 1.6939e-01 7.8670e-02 4.4517e-02 2.9748e-02 2.0776e-02 1.2577e-02 8.2857e-03
1.4501e-01 1.4572e-01 1.5456e-01 2.2068e-01 3.9465e-01 3.9857e-01 2.1446e-01 9.8475e-02 5.6039e-02 3.7397e-02 2.5630e-02 1.5077e-02 9.7565e-03
1.8876e-01 1.9304e-01 2.3628e-01 3.6570e-01 4.3237e-01 1.8278e-01 8.4667e-02 3.6857e-02 2.1716e-02 1.5817e-02 1.2064e-02 7.7593e-03 5.1286e-03
5.4061e-02 5.4666e-02 6.2238e-02 9.1335e-02 1.6736e-01 1.7804e-01 1.0062e-01 5.0040e-02 3.0104e-02 2.1092e-02 1.5698e-02 9.9697e-03 6.5895e-03
6.6670e-02 6.7406e-02 7.6139e-02 1.1229e-01 2.0447e-01 2.0336e-01 1.0896e-01 5.1906e-02 2.9820e-02 2.0404e-02 1.4584e-02 9.2357e-03 6.2429e-03
8.9521e-02 9.0516e-02 1.0116e-01 1.4924e-01 2.7142e-01 2.6603e-01 1.4905e-01 7.4128e-02 4.4643e-02 3.1467e-02 2.3593e-02 1.4344e-02 9.1341e-03
1.0426e-01 1.0519e-01 1.1522e-01 1.6919e-01 3.0558e-01 2.9122e-01 1.5105e-01 6.6920e-02 3.6654e-02 2.3740e-02 1.6113e-02 9.8944e-03 6.7267e-03
1.3460e-01 1.3677e-01 1.6026e-01 2.4148e-01 3.6782e-01 2.4779e-01 1.2015e-01 5.2613e-02 3.0529e-02 2.1144e-02 1.5886e-02 9.9367e-03 6.5968e-03
1.6632e-01 1.7025e-01 2.0905e-01 3.2179e-01 3.9523e-01 2.1529e-01 1.1063e-01 4.9633e-02 2.9802e-02 2.0933e-02 1.5766e-02 9.3269e-03 6.0484e-03
5.2125e-02 5.2733e-02 6.0061e-02 8.8392e-02 1.6210e-01 1.7172e-01 9.7336e-02 4.8110e-02 2.9303e-02 2.0627e-02 1.5391e-02 9.8012e-03 6.4881e-03
6.6704e-02 6.7449e-02 7.6348e-02 1.1250e-01 2.0445e-01 2.0927e-01 1.1737e-01 5.8787e-02 3.5572e-02 2.4904e-02 1.8437e-02 1.1515e-02 7.5170e-03
8.9324e-02 9.0275e-02 1.0085e-01 1.4783e-01 2.7021e-01 2.6734e-01 1.4836e-01 7.3410e-02 4.4316e-02 3.1039e-02 2.3225e-02 1.4148e-02 9.0291e-03
8.6145e-02 8.7672e-02 1.0467e-01 1.5869e-01 2.2497e-01 1.4866e-01 7.5864e-02 3.4323e-02 2.0161e-02 1.3880e-02 1.0479e-02 6.7060e-03 4.5623e-03
1.3415e-01 1.3604e-01 1.5642e-01 2.3325e-01 3.7104e-01 2.7058e-01 1.3052e-01 5.5200e-02 3.1185e-02 2.1382e-02 1.5928e-02 1.0021e-02 6.7387e-03
1.7269e-01 1.7669e-01 2.1668e-01 3.3486e-01 4.0385e-01 1.9347e-01 9.3481e-02 4.1244e-02 2.4538e-02 1.7590e-02 1.3345e-02 8.2526e-03 5.4206e-03
5.1054e-02 5.1622e-02 5.8824e-02 8.5784e-02 1.5851e-01 1.7057e-01 9.6301e-02 4.7985e-02 2.8725e-02 2.0371e-02 1.5059e-02 9.6105e-03 6.3751e-03
6.5237e-02 6.5965e-02 7.4812e-02 1.1086e-01 2.0103e-01 2.0532e-01 1.1466e-01 5.7235e-02 3.4772e-02 2.4460e-02 1.8309e-02 1.1450e-02 7.4749e-03
8.3109e-02 8.4008e-02 9.4184e-02 1.3781e-01 2.5194e-01 2.5113e-01 1.3649e-01 6.5908e-02 3.8581e-02 2.6699e-02 1.9485e-02 1.2008e-02 7.8406e-03
6.6806e-02 6.8184e-02 8.3337e-02 1.2490e-01 1.5782e-01 1.0860e-01 5.8191e-02 2.6984e-02 1.5950e-02 1.0901e-02 8.1484e-03 5.0832e-03 3.5052e-03
1.2886e-01 1.3095e-01 1.5373e-01 2.3198e-01 3.5001e-01 1.9207e-01 8.1661e-02 3.2551e-02 1.8354e-02 1.2759e-02 9.7124e-03 6.6830e-03 4.7205e-03
1.9482e-01 1.9781e-01 2.2836e-01 3.4129e-01 5.2297e-01 2.7952e-01 1.2068e-01 4.8028e-02 2.7542e-02 1.9266e-02 1.4699e-02 9.6524e-03 6.5322e-03
4.8990e-02 4.9541e-02 5.6509e-02 8.2262e-02 1.5063e-01 1.6542e-01 9.2715e-02 4.5840e-02 2.8047e-02 1.9817e-02 1.4831e-02 9.4855e-03 6.3012e-03
6.3039e-02 6.3751e-02 7.2504e-02 1.0586e-01 1.9433e-01 1.9816e-01 1.1054e-01 5.5156e-02 3.3505e-02 2.3567e-02 1.7539e-02 1.0998e-02 7.1923e-03
8.1852e-02 8.2756e-02 9.2891e-02 1.3666e-01 2.4768e-01 2.4839e-01 1.3915e-01 6.8228e-02 4.1143e-02 2.8753e-02 2.1269e-02 1.3049e-02 8.3904e-03
6.5043e-02 6.6398e-02 8.1356e-02 1.2109e-01 1.5221e-01 1.0598e-01 5.7995e-02 2.7281e-02 1.6080e-02 1.0907e-02 8.1693e-03 5.0985e-03 3.5229e-03
1.2454e-01 1.2662e-01 1.4905e-01 2.2353e-01 3.3924e-01 1.9746e-01 8.6210e-02 3.4852e-02 2.0234e-02 1.4021e-02 1.0580e-02 7.1046e-03 4.9410e-03
1.7103e-01 1.7110e-01 1.7475e-01 2.4158e-01 4.2960e-01 4.5987e-01 2.3450e-01 1.0092e-01 5.2763e-02 3.3139e-02 2.1052e-02 1.2308e-02 8.3391e-03
3.3090e-02 3.3469e-02 3.8098e-02 5.5192e-02 1.0209e-01 1.0618e-01 4.5445e-02 1.5808e-02 7.0945e-03 4.0021e-03 2.2392e-03 1.6088e-03 1.4026e-03
6.1322e-02 6.2013e-02 7.0434e-02 1.0295e-01 1.8810e-01 1.9582e-01 1.0886e-01 5.4058e-02 3.3086e-02 2.3145e-02 1.7224e-02 1.0827e-02 7.0955e-03
7.8024e-02 7.8870e-02 8.8483e-02 1.2931e-01 2.3684e-01 2.3774e-01 1.3096e-01 6.3762e-02 3.7929e-02 2.6440e-02 1.9415e-02 1.1998e-02 7.8280e-03
7.8165e-02 7.9504e-02 9.4976e-02 1.4470e-01 2.0443e-01 1.4771e-01 7.9022e-02 3.6788e-02 2.1882e-02 1.5173e-02 1.1288e-02 7.0228e-03 4.7201e-03
1.2147e-01 1.2348e-01 1.4529e-01 2.1948e-01 3.3104e-01 2.1617e-01 1.0334e-01 4.5324e-02 2.6696e-02 1.8645e-02 1.4037e-02 8.8543e-03 5.9119e-03
1.8515e-01 1.8766e-01 2.1447e-01 3.2076e-01 4.9851e-01 3.0906e-01 1.3722e-01 5.6661e-02 3.2584e-02 2.2795e-02 1.7283e-02 1.0929e-02 7.2821e-03
2.6813e-01 2.6532e-01 2.5157e-01 3.3378e-01 5.5770e-01 7.4478e-01 4.4147e-01 2.1678e-01 1.2324e-01 8.1049e-02 5.3570e-02 2.8519e-02 1.7408e-02
5.9078e-02 5.9755e-02 6.7862e-02 9.9768e-02 1.8403e-01 1.9055e-01 1.0650e-01 5.2865e-02 3.1959e-02 2.2471e-02 1.6708e-02 1.0536e-02 6.9234e-03
5.3863e-02 5.4784e-02 6.5946e-02 9.6946e-02 1.3706e-01 1.1107e-01 6.0163e-02 2.8787e-02 1.7301e-02 1.2009e-02 8.9555e-03 5.6756e-03 3.8892e-03
7.6050e-02 7.7392e-02 9.2710e-02 1.4027e-01 1.9733e-01 1.4407e-01 7.7447e-02 3.6587e-02 2.1500e-02 1.4809e-02 1.1051e-02 6.8910e-03 4.6424e-03
1.1670e-01 1.1868e-01 1.3984e-01 2.1150e-01 3.1742e-01 1.8960e-01 8.6045e-02 3.5802e-02 2.0803e-02 1.4371e-02 1.0928e-02 7.2542e-03 5.0142e-03
1.7878e-01 1.8001e-01 1.9162e-01 2.7203e-01 4.6814e-01 4.2504e-01 2.0962e-01 8.8468e-02 4.8672e-02 3.2255e-02 2.2725e-02 1.3581e-02 9.0037e-03
2.6255e-01 2.5976e-01 2.4679e-01 3.2779e-01 5.4634e-01 7.3363e-01 4.4170e-01 2.2051e-01 1.2561e-01 8.3228e-02 5.4970e-02 2.9182e-02 1.7696e-02
5.6903e-02 5.7577e-02 6.5682e-02 9.5932e-02 1.7565e-01 1.8318e-01 1.0302e-01 5.1292e-02 3.1194e-02 2.1923e-02 1.6355e-02 1.0350e-02 6.8137e-03
5.2381e-02 5.3263e-02 6.4081e-02 9.4913e-02 1.3322e-01 1.0840e-01 5.9408e-02 2.8308e-02 1.6949e-02 1.1783e-02 8.7906e-03 5.5894e-03 3.8407e-03
7.3017e-02 7.4293e-02 8.9144e-02 1.3413e-01 1.8778e-01 1.4007e-01 7.3779e-02 3.4772e-02 2.0733e-02 1.4260e-02 1.0616e-02 6.6416e-03 4.4897e-03
1.1140e-01 1.1320e-01 1.3315e-01 2.0143e-01 3.0339e-01 1.5458e-01 6.0864e-02 2.2843e-02 1.2869e-02 8.8310e-03 6.8344e-03 5.0041e-03 3.6926e-03
1.7305e-01 1.7326e-01 1.7810e-01 2.4685e-01 4.3829e-01 4.7201e-01 2.5309e-01 1.1445e-01 6.3414e-02 4.1522e-02 2.7823e-02 1.6043e-02 1.0418e-02
2.6226e-01 2.6139e-01 2.5885e-01 3.5416e-01 6.0430e-01 6.2104e-01 2.9508e-01 1.1719e-01 6.1064e-02 3.9684e-02 2.6994e-02 1.5744e-02 1.0574e-02
5.4430e-02 5.5049e-02 6.2712e-02 9.2744e-02 1.6859e-01 1.7708e-01 9.9560e-02 4.9689e-02 3.0148e-02 2.1299e-02 1.5900e-02 1.0094e-02 6.6626e-03
5.0708e-02 5.1573e-02 6.1891e-02 9.0918e-02 1.2836e-01 1.0468e-01 5.7590e-02 2.7835e-02 1.6609e-02 1.1467e-02 8.5618e-03 5.4648e-03 3.7642e-03
6.9580e-02 7.0785e-02 8.4596e-02 1.2705e-01 1.8021e-01 1.3335e-01 7.1028e-02 3.3256e-02 1.9816e-02 1.3727e-02 1.0236e-02 6.4316e-03 4.3589e-03
8.9254e-02 9.1251e-02 1.1221e-01 1.7046e-01 2.0242e-01 1.0706e-01 5.1966e-02 2.3393e-02 1.3914e-02 9.8122e-03 7.5246e-03 4.9488e-03 3.4266e-03
1.6995e-01 1.7013e-01 1.7488e-01 2.4340e-01 4.3423e-01 4.5957e-01 2.4450e-01 1.1094e-01 6.1419e-02 4.0152e-02 2.6878e-02 1.5487e-02 1.0057e-02
2.3881e-01 2.3666e-01 2.2710e-01 3.0399e-01 5.1369e-01 6.5183e-01 3.6316e-01 1.6505e-01 9.0307e-02 5.7324e-02 3.6452e-02 1.9885e-02 1.2733e-02
3.7023e-02 3.7422e-02 4.2424e-02 6.2229e-02 1.1442e-01 1.1437e-01 4.8105e-02 1.6815e-02 7.5608e-03 4.2519e-03 2.3966e-03 1.7089e-03 1.4805e-03
5.2859e-02 5.3711e-02 6.3991e-02 9.3955e-02 1.3992e-01 1.1887e-01 6.3831e-02 3.0644e-02 1.8162e-02 1.2710e-02 9.5189e-03 6.0962e-03 4.1674e-03
6.7159e-02 6.8330e-02 8.1998e-02 1.2267e-01 1.7364e-01 1.2938e-01 6.9327e-02 3.2233e-02 1.9209e-02 1.3390e-02 1.0032e-02 6.3279e-03 4.3032e-03
7.8683e-02 8.0399e-02 9.9127e-02 1.4983e-01 1.8603e-01 1.2054e-01 6.4519e-02 3.0433e-02 1.7973e-02 1.2344e-02 9.2330e-03 5.6774e-03 3.8760e-03
1.7143e-01 1.7173e-01 1.7740e-01 2.4700e-01 4.3887e-01 4.6459e-01 2.5384e-01 1.1854e-01 6.7912e-02 4.5537e-02 3.1329e-02 1.7900e-02 1.1329e-02
2.4963e-01 2.4750e-01 2.3799e-01 3.1813e-01 5.3938e-01 6.9008e-01 4.0314e-01 1.9530e-01 1.1164e-01 7.4078e-02 4.9565e-02 2.6541e-02 1.6210e-02
3.5420e-02 3.5826e-02 4.0699e-02 5.9117e-02 1.0918e-01 1.1175e-01 4.7088e-02 1.6315e-02 7.3512e-03 4.1267e-03 2.3075e-03 1.6499e-03 1.4329e-03
4.9878e-02 5.0626e-02 6.0118e-02 8.8393e-02 1.3176e-01 1.1344e-01 6.1017e-02 2.9239e-02 1.7441e-02 1.2174e-02 9.0842e-03 5.8517e-03 4.0167e-03
6.3025e-02 6.4091e-02 7.6707e-02 1.1463e-01 1.6187e-01 1.2216e-01 6.5818e-02 3.0773e-02 1.8183e-02 1.2701e-02 9.5468e-03 6.0473e-03 4.1260e-03
8.8290e-02 8.9973e-02 1.0875e-01 1.6508e-01 2.1852e-01 1.2065e-01 5.8386e-02 2.5748e-02 1.5227e-02 1.0666e-02 8.0852e-03 5.3405e-03 3.6982e-03
1.6675e-01 1.6704e-01 1.7321e-01 2.4418e-01 4.3182e-01 4.5682e-01 2.5334e-01 1.2051e-01 7.0493e-02 4.7824e-02 3.3374e-02 1.9027e-02 1.1911e-02
3.0468e-01 3.0608e-01 3.2160e-01 4.5752e-01 7.5510e-01 6.5120e-01 3.1324e-01 1.3110e-01 7.5938e-02 5.3207e-02 3.9140e-02 2.1993e-02 1.3484e-02
3.5228e-01 3.5462e-01 3.7575e-01 5.4319e-01 8.9903e-01 7.8182e-01 4.0320e-01 1.8309e-01 1.1170e-01 7.9906e-02 5.9005e-02 3.0887e-02 1.7763e-02
4.8000e-02 4.8777e-02 5.7994e-02 8.5080e-02 1.2611e-01 1.1032e-01 5.9932e-02 2.8599e-02 1.7071e-02 1.1888e-02 8.8524e-03 5.7042e-03 3.9199e-03
6.1530e-02 6.2619e-02 7.5244e-02 1.1188e-01 1.5702e-01 1.0338e-01 5.0763e-02 2.2362e-02 1.3058e-02 9.0992e-03 6.8793e-03 4.6831e-03 3.3230e-03
8.8824e-02 9.0406e-02 1.0848e-01 1.6328e-01 2.3119e-01 1.5151e-01 7.6225e-02 3.4493e-02 2.0339e-02 1.4188e-02 1.0651e-02 6.7572e-03 4.5753e-03
1.5698e-01 1.5748e-01 1.6447e-01 2.2896e-01 4.0907e-01 4.2863e-01 2.3667e-01 1.1197e-01 6.5042e-02 4.3705e-02 3.0479e-02 1.7505e-02 1.1062e-02
2.8410e-01 2.8413e-01 2.8910e-01 4.0169e-01 6.8155e-01 6.8158e-01 3.5312e-01 1.5896e-01 9.3253e-02 6.4342e-02 4.7556e-02 2.6138e-02 1.5795e-02
3.4326e-01 3.4730e-01 3.8589e-01 5.7526e-01 9.1417e-01 6.2492e-01 3.2645e-01 1.5163e-01 9.1205e-02 6.4594e-02 4.7794e-02 2.4936e-02 1.4542e-02
4.3814e-02 4.4519e-02 5.2988e-02 7.6836e-02 1.1511e-01 6.8914e-02 2.8364e-02 1.0781e-02 6.0795e-03 4.1976e-03 3.2379e-03 2.5688e-03 2.0244e-03
5.9001e-02 6.0054e-02 7.2073e-02 1.0649e-01 1.4959e-01 1.0056e-01 4.8863e-02 2.1672e-02 1.2781e-02 8.9595e-03 6.7620e-03 4.6017e-03 3.2700e-03
7.3101e-02 7.4637e-02 9.1714e-02 1.3764e-01 1.6362e-01 9.0179e-02 4.4002e-02 1.9802e-02 1.1663e-02 8.2912e-03 6.2731e-03 4.2038e-03 2.9574e-03
1.4894e-01 1.4943e-01 1.5586e-01 2.1947e-01 3.9226e-01 4.1026e-01 2.2093e-01 1.0221e-01 5.8500e-02 3.9620e-02 2.7355e-02 1.5871e-02 1.0190e-02
2.6005e-01 2.5964e-01 2.6085e-01 3.5910e-01 6.1642e-01 6.6101e-01 3.6560e-01 1.7258e-01 1.0220e-01 7.1185e-02 5.1485e-02 2.7816e-02 1.6543e-02
3.3679e-01 3.4143e-01 3.8373e-01 5.7839e-01 9.0763e-01 5.7802e-01 3.0313e-01 1.4079e-01 8.4709e-02 6.0400e-02 4.4312e-02 2.3041e-02 1.3493e-02
4.1660e-02 4.2290e-02 4.9925e-02 7.2846e-02 1.1157e-01 7.2634e-02 2.8945e-02 1.0876e-02 5.8790e-03 4.0121e-03 3.0780e-03 2.4391e-03 1.9622e-03
5.9647e-02 6.0666e-02 7.2088e-02 1.0663e-01 1.5907e-01 1.1211e-01 5.3518e-02 2.3235e-02 1.3612e-02 9.4075e-03 7.1447e-03 4.9110e-03 3.5111e-03
7.3555e-02 7.5074e-02 9.1695e-02 1.3817e-01 1.6031e-01 7.8243e-02 3.6249e-02 1.5896e-02 9.4690e-03 6.8597e-03 5.2705e-03 3.7053e-03 2.6457e-03
1.4126e-01 1.4244e-01 1.5581e-01 2.2576e-01 3.8900e-01 3.4475e-01 1.7527e-01 7.8480e-02 4.5233e-02 3.0873e-02 2.2226e-02 1.3281e-02 8.6485e-03
2.5745e-01 2.5757e-01 2.6326e-01 3.6511e-01 6.2757e-01 6.4891e-01 3.6572e-01 1.7862e-01 1.0923e-01 7.7626e-02 5.7292e-02 3.0525e-02 1.7684e-02
3.5274e-01 3.5562e-01 3.8324e-01 5.5197e-01 9.1266e-01 7.2931e-01 3.7292e-01 1.7200e-01 1.0426e-01 7.4477e-02 5.5352e-02 2.8802e-02 1.6599e-02
3.8656e-02 3.9158e-02 4.5115e-02 6.6050e-02 1.1555e-01 9.8921e-02 4.0705e-02 1.4193e-02 6.8103e-03 4.1825e-03 2.7974e-03 2.1010e-03 1.7938e-03
5.2398e-02 5.3318e-02 6.3917e-02 9.4853e-02 1.3387e-01 9.1068e-02 4.4901e-02 1.9981e-02 1.1769e-02 8.2170e-03 6.2114e-03 4.2686e-03 3.0561e-03
6.4532e-02 6.5914e-02 8.0908e-02 1.2008e-01 1.4228e-01 8.0818e-02 4.0566e-02 1.8247e-02 1.0753e-02 7.6310e-03 5.8608e-03 3.9720e-03 2.8196e-03
1.3019e-01 1.3087e-01 1.3871e-01 1.9792e-01 3.5435e-01 3.5725e-01 1.8723e-01 8.6233e-02 4.8493e-02 3.1906e-02 2.1798e-02 1.2885e-02 8.4702e-03
2.2980e-01 2.2860e-01 2.2700e-01 3.1029e-01 5.3291e-01 6.4012e-01 3.9105e-01 2.1076e-01 1.3317e-01 9.5591e-02 7.0479e-02 3.7208e-02 2.1201e-02
3.4277e-01 3.4679e-01 3.8696e-01 5.8329e-01 9.1649e-01 5.8485e-01 3.0785e-01 1.4417e-01 8.6558e-02 6.1210e-02 4.5254e-02 2.3441e-02 1.3697e-02
3.6416e-02 3.6838e-02 4.1805e-02 6.0902e-02 1.1252e-01 1.1370e-01 4.7421e-02 1.6708e-02 7.5622e-03 4.2694e-03 2.3852e-03 1.7013e-03 1.4750e-03
3.8374e-02 3.9103e-02 4.7521e-02 6.8615e-02 8.6920e-02 6.9262e-02 3.8297e-02 1.8228e-02 1.0829e-02 7.3490e-03 5.4888e-03 3.5739e-03 2.5584e-03
7.6397e-02 7.7700e-02 9.2017e-02 1.3871e-01 2.0443e-01 1.5849e-01 8.2561e-02 3.8557e-02 2.2828e-02 1.6016e-02 1.1931e-02 7.4649e-03 5.0039e-03
1.2465e-01 1.2638e-01 1.4468e-01 2.1345e-01 3.4046e-01 2.7099e-01 1.3902e-01 6.2861e-02 3.7242e-02 2.5910e-02 1.9318e-02 1.1657e-02 7.5483e-03
2.2517e-01 2.2539e-01 2.3090e-01 3.2184e-01 5.5123e-01 5.8641e-01 3.3604e-01 1.6737e-01 1.0466e-01 7.5105e-02 5.5973e-02 3.0018e-02 1.7442e-02
3.3827e-01 3.4258e-01 3.8186e-01 5.7346e-01 8.9537e-01 5.4870e-01 2.7798e-01 1.2513e-01 7.5633e-02 5.4071e-02 3.9883e-02 2.1218e-02 1.2551e-02
1.8514e-01 1.8843e-01 2.2258e-01 3.3952e-01 4.9157e-01 3.2144e-01 1.7069e-01 8.0070e-02 4.7757e-02 3.3260e-02 2.4725e-02 1.3899e-02 8.6437e-03
4.2831e-02 4.3626e-02 5.2847e-02 7.5937e-02 9.0939e-02 5.1148e-02 2.4091e-02 1.0635e-02 6.3211e-03 4.5857e-03 3.5580e-03 2.6348e-03 1.9531e-03
6.3475e-02 6.4641e-02 7.7439e-02 1.1586e-01 1.5974e-01 1.1896e-01 6.4905e-02 3.1000e-02 1.8215e-02 1.2555e-02 9.2976e-03 5.8293e-03 3.9732e-03
1.2114e-01 1.2235e-01 1.3626e-01 1.9923e-01 3.3865e-01 3.0416e-01 1.6084e-01 7.4519e-02 4.3822e-02 3.0134e-02 2.2147e-02 1.3248e-02 8.5284e-03
1.8875e-01 1.8805e-01 1.8782e-01 2.5807e-01 4.4985e-01 5.2898e-01 3.1546e-01 1.6118e-01 9.6616e-02 6.6950e-02 4.7815e-02 2.6047e-02 1.5615e-02
3.1263e-01 3.1648e-01 3.5413e-01 5.3223e-01 8.2728e-01 5.0846e-01 2.5534e-01 1.1652e-01 7.0881e-02 5.0410e-02 3.7518e-02 2.0035e-02 1.1903e-02
1.9134e-01 1.9448e-01 2.2798e-01 3.4473e-01 5.0456e-01 3.4114e-01 1.7862e-01 8.2867e-02 4.9028e-02 3.4278e-02 2.5304e-02 1.4206e-02 8.7926e-03
4.0061e-02 4.0754e-02 4.8945e-02 7.0986e-02 8.4544e-02 4.8339e-02 2.2913e-02 1.0274e-02 6.0637e-03 4.3807e-03 3.3831e-03 2.5135e-03 1.8689e-03
6.3422e-02 6.4525e-02 7.7094e-02 1.1507e-01 1.6167e-01 1.2219e-01 6.5948e-02 3.0426e-02 1.8139e-02 1.2566e-02 9.3771e-03 5.9310e-03 4.0457e-03
1.1167e-01 1.1319e-01 1.2909e-01 1.9274e-01 3.1075e-01 2.5359e-01 1.3245e-01 6.1858e-02 3.6727e-02 2.5572e-02 1.8970e-02 1.1419e-02 7.3561e-03
1.4296e-01 1.4263e-01 1.4437e-01 1.9982e-01 3.4980e-01 3.8480e-01 1.9038e-01 7.7425e-02 3.9422e-02 2.3865e-02 1.4093e-02 8.2915e-03 5.8917e-03
2.9411e-01 2.9776e-01 3.3302e-01 5.0113e-01 7.8830e-01 4.8237e-01 2.4663e-01 1.1292e-01 6.7606e-02 4.8310e-02 3.5740e-02 1.9156e-02 1.1429e-02
1.8912e-01 1.9231e-01 2.2607e-01 3.4162e-01 5.0143e-01 3.3796e-01 1.7827e-01 8.1317e-02 4.9122e-02 3.4089e-02 2.5070e-02 1.4047e-02 8.6855e-03
3.7333e-02 3.8005e-02 4.5577e-02 6.5288e-02 7.8664e-02 4.5607e-02 2.1978e-02 9.7918e-03 5.8494e-03 4.2498e-03 3.2789e-03 2.4475e-03 1.8265e-03
6.4139e-02 6.5133e-02 7.7265e-02 1.1539e-01 1.7147e-01 1.1984e-01 5.6743e-02 2.4395e-02 1.4214e-02 9.8967e-03 7.4569e-03 5.0786e-03 3.6071e-03
1.0526e-01 1.0668e-01 1.2219e-01 1.8186e-01 2.9418e-01 2.4518e-01 1.2946e-01 6.0199e-02 3.6432e-02 2.5734e-02 1.9045e-02 1.1417e-02 7.3124e-03
1.6153e-01 1.6299e-01 1.7895e-01 2.6043e-01 4.2433e-01 3.1572e-01 1.4226e-01 5.5337e-02 3.0367e-02 2.0758e-02 1.5467e-02 9.7585e-03 6.6914e-03
2.7770e-01 2.8119e-01 3.1606e-01 4.7037e-01 7.2526e-01 4.5319e-01 2.2868e-01 1.0372e-01 6.3399e-02 4.5684e-02 3.3810e-02 1.8252e-02 1.0955e-02
1.8892e-01 1.9197e-01 2.2459e-01 3.4314e-01 5.0584e-01 3.3718e-01 1.7578e-01 8.0207e-02 4.8029e-02 3.3970e-02 2.5190e-02 1.4146e-02 8.7640e-03
3.9552e-02 4.0156e-02 4.7744e-02 7.0002e-02 1.0423e-01 6.3645e-02 2.6072e-02 1.0073e-02 5.7015e-03 3.9706e-03 3.0799e-03 2.4586e-03 1.9475e-03
5.7615e-02 5.8551e-02 6.9537e-02 1.0315e-01 1.5369e-01 8.5754e-02 3.4948e-02 1.3235e-02 7.4561e-03 5.1422e-03 3.9625e-03 3.0756e-03 2.3818e-03
8.8654e-02 9.0148e-02 1.0656e-01 1.5943e-01 2.3709e-01 1.7880e-01 9.3773e-02 4.3482e-02 2.5781e-02 1.8103e-02 1.3532e-02 8.3080e-03 5.4866e-03
1.4663e-01 1.4666e-01 1.5079e-01 2.0973e-01 3.6741e-01 4.0600e-01 2.2666e-01 1.0621e-01 6.0493e-02 4.0591e-02 2.7627e-02 1.5775e-02 1.0108e-02
2.5879e-01 2.6218e-01 2.9393e-01 4.4118e-01 6.8033e-01 4.2207e-01 2.1696e-01 9.8559e-02 5.9580e-02 4.2461e-02 3.1758e-02 1.7188e-02 1.0348e-02
1.8660e-01 1.8976e-01 2.2164e-01 3.3391e-01 4.9448e-01 3.2551e-01 1.7158e-01 7.9403e-02 4.7523e-02 3.3404e-02 2.4882e-02 1.3984e-02 8.6735e-03
3.6405e-02 3.6800e-02 4.1797e-02 6.1297e-02 1.1227e-01 1.1367e-01 4.7875e-02 1.6730e-02 7.6522e-03 4.3201e-03 2.4319e-03 1.7331e-03 1.5014e-03
5.3413e-02 5.4278e-02 6.4667e-02 9.5028e-02 1.3319e-01 7.1504e-02 2.9659e-02 1.1942e-02 6.9028e-03 4.8841e-03 3.8192e-03 2.9566e-03 2.2570e-03
8.1357e-02 8.2708e-02 9.7668e-02 1.4628e-01 2.1938e-01 1.6792e-01 8.8687e-02 4.0851e-02 2.4174e-02 1.6920e-02 1.2598e-02 7.7971e-03 5.1810e-03
1.4355e-01 1.4366e-01 1.4817e-01 2.0633e-01 3.6542e-01 4.0628e-01 2.3384e-01 1.1590e-01 6.8276e-02 4.7099e-02 3.3172e-02 1.8811e-02 1.1689e-02
2.4070e-01 2.4398e-01 2.7415e-01 4.1111e-01 6.2690e-01 3.9524e-01 2.0296e-01 9.2152e-02 5.6345e-02 4.0191e-02 2.9858e-02 1.6216e-02 9.7842e-03
1.8048e-01 1.8340e-01 2.1438e-01 3.2675e-01 4.7865e-01 3.2066e-01 1.6964e-01 7.8641e-02 4.6999e-02 3.2923e-02 2.4414e-02 1.3722e-02 8.5217e-03
1.4110e-01 1.4344e-01 1.6805e-01 2.5541e-01 3.8061e-01 2.7124e-01 1.3770e-01 6.2132e-02 3.6816e-02 2.5594e-02 1.9081e-02 1.1365e-02 7.2920e-03
5.0499e-02 5.1302e-02 6.0614e-02 8.9783e-02 1.3331e-01 7.7401e-02 3.1253e-02 1.2033e-02 6.7694e-03 4.7244e-03 3.6782e-03 2.8871e-03 2.2578e-03
7.6592e-02 7.7787e-02 9.1326e-02 1.3665e-01 2.0890e-01 1.4456e-01 6.7161e-02 2.8061e-02 1.6205e-02 1.1248e-02 8.4630e-03 5.6889e-03 4.0201e-03
1.3715e-01 1.3743e-01 1.4285e-01 2.0101e-01 3.5707e-01 3.9276e-01 2.2835e-01 1.1443e-01 6.8163e-02 4.7279e-02 3.3815e-02 1.9226e-02 1.1825e-02
2.2871e-01 2.3165e-01 2.6086e-01 3.8891e-01 5.9444e-01 3.7782e-01 1.9430e-01 8.8314e-02 5.3093e-02 3.8046e-02 2.8362e-02 1.5432e-02 9.3305e-03
1.7266e-01 1.7561e-01 2.0553e-01 3.1077e-01 4.5677e-01 3.0954e-01 1.6159e-01 7.4346e-02 4.5162e-02 3.2028e-02 2.3818e-02 1.3448e-02 8.3822e-03
1.4104e-01 1.4343e-01 1.6831e-01 2.5471e-01 3.8331e-01 2.6502e-01 1.3173e-01 5.8248e-02 3.4396e-02 2.3976e-02 1.7828e-02 1.0739e-02 6.9430e-03
4.5742e-02 4.6499e-02 5.5541e-02 8.1021e-02 1.1416e-01 6.2643e-02 2.6508e-02 1.0581e-02 6.1269e-03 4.3389e-03 3.3832e-03 2.6493e-03 2.0416e-03
6.8420e-02 6.9578e-02 8.2443e-02 1.2364e-01 1.8276e-01 9.8867e-02 3.9251e-02 1.4864e-02 8.3437e-03 5.7865e-03 4.4736e-03 3.4135e-03 2.6077e-03
1.3255e-01 1.3349e-01 1.4479e-01 2.1025e-01 3.5608e-01 3.4467e-01 1.9197e-01 9.1809e-02 5.6071e-02 3.9286e-02 2.8958e-02 1.6677e-02 1.0264e-02
2.2159e-01 2.2206e-01 2.3064e-01 3.2733e-01 5.4508e-01 5.2438e-01 2.7304e-01 1.2285e-01 7.3527e-02 5.2009e-02 3.8187e-02 2.0701e-02 1.2330e-02
1.6487e-01 1.6754e-01 1.9635e-01 2.9788e-01 4.4017e-01 3.0107e-01 1.6025e-01 7.4952e-02 4.4970e-02 3.1483e-02 2.3283e-02 1.3166e-02 8.2260e-03
1.1710e-01 1.1981e-01 1.4697e-01 2.2448e-01 2.7027e-01 1.3295e-01 6.3198e-02 2.7594e-02 1.6392e-02 1.1654e-02 8.9374e-03 5.8273e-03 3.9696e-03
4.2998e-02 4.3687e-02 5.2212e-02 7.5865e-02 1.0673e-01 5.9092e-02 2.5123e-02 1.0178e-02 5.8555e-03 4.1620e-03 3.2351e-03 2.5473e-03 1.9712e-03
5.4600e-02 5.5659e-02 6.7587e-02 9.9227e-02 1.1723e-01 6.1586e-02 2.9074e-02 1.2847e-02 7.6174e-03 5.4814e-03 4.2155e-03 3.0298e-03 2.2040e-03
1.2205e-01 1.2306e-01 1.3465e-01 1.9414e-01 3.3219e-01 3.1924e-01 1.7692e-01 8.3790e-02 5.0821e-02 3.5737e-02 2.6480e-02 1.5416e-02 9.5784e-03
2.1256e-01 2.1403e-01 2.2790e-01 3.2857e-01 5.3829e-01 4.5937e-01 2.2827e-01 1.0111e-01 6.0319e-02 4.3271e-02 3.2158e-02 1.7616e-02 1.0592e-02
1.7640e-01 1.7818e-01 1.9796e-01 2.8958e-01 4.7286e-01 4.0119e-01 2.1544e-01 1.0097e-01 6.1088e-02 4.3381e-02 3.2183e-02 1.8218e-02 1.1138e-02
1.1165e-01 1.1417e-01 1.4011e-01 2.1443e-01 2.5972e-01 1.3456e-01 6.6220e-02 2.9451e-02 1.7299e-02 1.2231e-02 9.3014e-03 5.9583e-03 4.0462e-03
4.1102e-02 4.1740e-02 4.9225e-02 7.1458e-02 1.0708e-01 6.6381e-02 2.7161e-02 1.0285e-02 5.8644e-03 4.0714e-03 3.1507e-03 2.5137e-03 1.9899e-03
5.1038e-02 5.2007e-02 6.3224e-02 9.2997e-02 1.1047e-01 5.8785e-02 2.7474e-02 1.2173e-02 7.2123e-03 5.2213e-03 4.0447e-03 2.9423e-03 2.1532e-03
1.0364e-01 1.0498e-01 1.1926e-01 1.7507e-01 2.8288e-01 2.4080e-01 1.2944e-01 6.0598e-02 3.6183e-02 2.5171e-02 1.8513e-02 1.1067e-02 7.0835e-03
1.8921e-01 1.9139e-01 2.1324e-01 3.1467e-01 4.9131e-01 3.3681e-01 1.6883e-01 7.5351e-02 4.5457e-02 3.2374e-02 2.4233e-02 1.3501e-02 8.2815e-03
1.7010e-01 1.7109e-01 1.8293e-01 2.6119e-01 4.4875e-01 4.3832e-01 2.4277e-01 1.1795e-01 7.2172e-02 5.1579e-02 3.8461e-02 2.1585e-02 1.3007e-02
1.2219e-01 1.2435e-01 1.4841e-01 2.2602e-01 3.2599e-01 2.2283e-01 1.1855e-01 5.5578e-02 3.2952e-02 2.2872e-02 1.6957e-02 9.9600e-03 6.4104e-03
3.7753e-02 3.8278e-02 4.4169e-02 6.4606e-02 1.0890e-01 9.0466e-02 3.6978e-02 1.3037e-02 6.3722e-03 4.1056e-03 3.0050e-03 2.3226e-03 1.9743e-03
5.1795e-02 5.2680e-02 6.2912e-02 9.2606e-02 1.2826e-01 6.8825e-02 2.9053e-02 1.1611e-02 6.6931e-03 4.7556e-03 3.7184e-03 2.8767e-03 2.1954e-03
9.1117e-02 9.2369e-02 1.0596e-01 1.5676e-01 2.5108e-01 2.1891e-01 1.1712e-01 5.5012e-02 3.2559e-02 2.2692e-02 1.6914e-02 1.0224e-02 6.6026e-03
1.6468e-01 1.6679e-01 1.8881e-01 2.7977e-01 4.2725e-01 2.8375e-01 1.4392e-01 6.4191e-02 3.8364e-02 2.7354e-02 2.0389e-02 1.1533e-02 7.1845e-03
1.4655e-01 1.4880e-01 1.7248e-01 2.5991e-01 3.9001e-01 2.7481e-01 1.4449e-01 6.7659e-02 4.0525e-02 2.8791e-02 2.1181e-02 1.2099e-02 7.6050e-03
1.2117e-01 1.2333e-01 1.4724e-01 2.2338e-01 3.1614e-01 2.2008e-01 1.1777e-01 5.4994e-02 3.2593e-02 2.2622e-02 1.6832e-02 9.9274e-03 6.4100e-03
9.1810e-02 9.3522e-02 1.1287e-01 1.7055e-01 2.3992e-01 1.6965e-01 9.1051e-02 4.3069e-02 2.5394e-02 1.7639e-02 1.3122e-02 7.9065e-03 5.2245e-03
4.7587e-02 4.8387e-02 5.7519e-02 8.4139e-02 1.1857e-01 6.5569e-02 2.7223e-02 1.1040e-02 6.4252e-03 4.5151e-03 3.5036e-03 2.7283e-03 2.0934e-03
7.1271e-02 7.2251e-02 8.3471e-02 1.2371e-01 1.9914e-01 1.3161e-01 5.2580e-02 1.8531e-02 9.5258e-03 6.2947e-03 4.7139e-03 3.4964e-03 2.7778e-03
1.4170e-01 1.4376e-01 1.6531e-01 2.4812e-01 3.6768e-01 2.3654e-01 1.2058e-01 5.3993e-02 3.2338e-02 2.2992e-02 1.7072e-02 9.7877e-03 6.1913e-03
1.4188e-01 1.4410e-01 1.6659e-01 2.5020e-01 3.7674e-01 2.6624e-01 1.4071e-01 6.5776e-02 3.9535e-02 2.7651e-02 2.0445e-02 1.1688e-02 7.3499e-03
1.1530e-01 1.1734e-01 1.3935e-01 2.1322e-01 3.0311e-01 2.1088e-01 1.1333e-01 5.3723e-02 3.1652e-02 2.1994e-02 1.6335e-02 9.6521e-03 6.2460e-03
9.5416e-02 9.7196e-02 1.1707e-01 1.7740e-01 2.5274e-01 1.7966e-01 9.6064e-02 4.5321e-02 2.6748e-02 1.8556e-02 1.3682e-02 8.2697e-03 5.4415e-03
4.5962e-02 4.6654e-02 5.4961e-02 8.0356e-02 1.2156e-01 7.1978e-02 2.9486e-02 1.1342e-02 6.4408e-03 4.4432e-03 3.4321e-03 2.7128e-03 2.1331e-03
5.7768e-02 5.8940e-02 7.2177e-02 1.0615e-01 1.2436e-01 6.4019e-02 2.9848e-02 1.3315e-02 7.8179e-03 5.6562e-03 4.4015e-03 3.1453e-03 2.2765e-03
1.1403e-01 1.1590e-01 1.3573e-01 2.0422e-01 2.9471e-01 1.9131e-01 9.8323e-02 4.4566e-02 2.6544e-02 1.8573e-02 1.4020e-02 8.2948e-03 5.3752e-03
1.3524e-01 1.3738e-01 1.6046e-01 2.4259e-01 3.5458e-01 2.4462e-01 1.2935e-01 6.0341e-02 3.6548e-02 2.5752e-02 1.9111e-02 1.0932e-02 6.9020e-03
1.1239e-01 1.1433e-01 1.3658e-01 2.0811e-01 2.9624e-01 2.0598e-01 1.1059e-01 5.0869e-02 3.0462e-02 2.1297e-02 1.5891e-02 9.4170e-03 6.1066e-03
9.1648e-02 9.3289e-02 1.1249e-01 1.7172e-01 2.3584e-01 1.5880e-01 8.2799e-02 3.7694e-02 2.2249e-02 1.5465e-02 1.1604e-02 7.2126e-03 4.8345e-03
4.1114e-02 4.1763e-02 4.9721e-02 7.2086e-02 1.0181e-01 5.7184e-02 2.4241e-02 9.7740e-03 5.6465e-03 4.0087e-03 3.1195e-03 2.4615e-03 1.9074e-03
5.9754e-02 6.0710e-02 7.2087e-02 1.0674e-01 1.5808e-01 8.7693e-02 3.5320e-02 1.3450e-02 7.5783e-03 5.2648e-03 4.0522e-03 3.1211e-03 2.4022e-03
9.4555e-02 9.6187e-02 1.1389e-01 1.7100e-01 2.4240e-01 1.6366e-01 8.4686e-02 3.8429e-02 2.2929e-02 1.6076e-02 1.1955e-02 7.2457e-03 4.7845e-03
1.0483e-01 1.0724e-01 1.3093e-01 1.9756e-01 2.4846e-01 1.5748e-01 8.2950e-02 3.8407e-02 2.2859e-02 1.5717e-02 1.1809e-02 6.9391e-03 4.5792e-03
1.1589e-01 1.1781e-01 1.3777e-01 2.0931e-01 3.1255e-01 2.3338e-01 1.2257e-01 5.7445e-02 3.4522e-02 2.4147e-02 1.7837e-02 1.0591e-02 6.8129e-03
9.0369e-02 9.2035e-02 1.1084e-01 1.6817e-01 2.3293e-01 1.5545e-01 8.1649e-02 3.7850e-02 2.2300e-02 1.5454e-02 1.1592e-02 7.1960e-03 4.8249e-03
3.8334e-02 3.8914e-02 4.5886e-02 6.6714e-02 1.0234e-01 6.7993e-02 2.7471e-02 1.0440e-02 5.6896e-03 3.8950e-03 2.9928e-03 2.3797e-03 1.9216e-03
4.7281e-02 4.8192e-02 5.8655e-02 8.5656e-02 1.0029e-01 5.4479e-02 2.6122e-02 1.1548e-02 6.8712e-03 5.0216e-03 3.8697e-03 2.8134e-03 2.0656e-03
8.5982e-02 8.7343e-02 1.0205e-01 1.5164e-01 2.2880e-01 1.2214e-01 4.8591e-02 1.8242e-02 1.0160e-02 7.0937e-03 5.4421e-03 4.0389e-03 3.0203e-03
1.0716e-01 1.0957e-01 1.3423e-01 2.0436e-01 2.4442e-01 1.2394e-01 6.0399e-02 2.6992e-02 1.6018e-02 1.1334e-02 8.6014e-03 5.4606e-03 3.6874e-03
1.2226e-01 1.2387e-01 1.4169e-01 2.1021e-01 3.3896e-01 2.7742e-01 1.4810e-01 6.8989e-02 4.1501e-02 2.9217e-02 2.1765e-02 1.2873e-02 8.1572e-03
9.8025e-02 9.9697e-02 1.1827e-01 1.7814e-01 2.6539e-01 1.8869e-01 9.5743e-02 4.3833e-02 2.5876e-02 1.7907e-02 1.3386e-02 8.3728e-03 5.5852e-03
3.5738e-02 3.6251e-02 4.2697e-02 6.2324e-02 9.5748e-02 6.3955e-02 2.6430e-02 1.0049e-02 5.4984e-03 3.7505e-03 2.8767e-03 2.2986e-03 1.8638e-03
4.8204e-02 4.9039e-02 5.8926e-02 8.6287e-02 1.1170e-01 5.8261e-02 2.5754e-02 1.0837e-02 6.3810e-03 4.6384e-03 3.6097e-03 2.7462e-03 2.0650e-03
7.4047e-02 7.5224e-02 8.8634e-02 1.3067e-01 1.9935e-01 1.1576e-01 4.5871e-02 1.6870e-02 9.2653e-03 6.2558e-03 4.7965e-03 3.5901e-03 2.7645e-03
9.7888e-02 1.0000e-01 1.2156e-01 1.8459e-01 2.2329e-01 1.1588e-01 5.6022e-02 2.5036e-02 1.4835e-02 1.0595e-02 8.0694e-03 5.1771e-03 3.5267e-03
1.0307e-01 1.0490e-01 1.2479e-01 1.8863e-01 2.7192e-01 1.9556e-01 1.0308e-01 4.8017e-02 2.8785e-02 2.0251e-02 1.5086e-02 9.0143e-03 5.8702e-03
8.5578e-02 8.7197e-02 1.0542e-01 1.5936e-01 2.1971e-01 1.4967e-01 7.8030e-02 3.6420e-02 2.1570e-02 1.5008e-02 1.1273e-02 7.0250e-03 4.7254e-03
8.3919e-02 8.5352e-02 1.0165e-01 1.5223e-01 2.3166e-01 1.8267e-01 9.5508e-02 4.4994e-02 2.6747e-02 1.8570e-02 1.3916e-02 8.6106e-03 5.6881e-03
